The value we are printing are for16X16grid, for a reynolds number of100
0 0 0 0 0 0 0 0 0 0 0 0 0 0 0 0 0 
0 -0.000248598 -0.000671166 -0.000985767 -0.00120121 -0.00126086 -0.00110924 -0.000718671 -0.00012236 0.00047111 0.000677477 0.000501502 0.000298216 0.000167553 7.37377e-05 1.91881e-05 0 
0 -0.000826887 -0.00239199 -0.00367652 -0.00455184 -0.00489633 -0.00455293 -0.00344338 -0.00168965 0.000230959 0.00149716 0.00156712 0.000985089 0.00051581 0.000232176 5.72381e-05 0 
0 -0.00151596 -0.00464741 -0.00751973 -0.00959153 -0.0106712 -0.0105455 -0.00910114 -0.00646695 -0.0031291 -1.35264e-05 0.00167383 0.00156921 0.00081109 0.000328918 8.53922e-05 0 
0 -0.00221916 -0.00707817 -0.0119706 -0.0158473 -0.0183198 -0.0191116 -0.0180421 -0.0151159 -0.0106816 -0.00561352 -0.00129675 0.000835501 0.00082974 0.000289464 5.88402e-05 0 
0 -0.00286072 -0.00941707 -0.0165371 -0.0226962 -0.0272567 -0.0297778 -0.029896 -0.0274555 -0.0225736 -0.01587 -0.00870766 -0.0030122 -0.000300544 7.50794e-05 -2.13443e-05 0 
0 -0.00337182 -0.0114206 -0.0207351 -0.0293837 -0.0364775 -0.0414117 -0.0435688 -0.0424886 -0.0380195 -0.0304233 -0.0207485 -0.0110767 -0.00400765 -0.000847922 -0.000123615 0 
0 -0.00369139 -0.0128687 -0.0241025 -0.0351198 -0.0447993 -0.0524139 -0.057213 -0.0583702 -0.055314 -0.0478952 -0.0366393 -0.0233387 -0.0111847 -0.00343581 -0.00049835 0 
0 -0.00379582 -0.0136088 -0.0262718 -0.0392498 -0.0511723 -0.0612407 -0.0686604 -0.0725282 -0.071853 -0.0659084 -0.0545366 -0.0387835 -0.0217704 -0.00828767 -0.00154675 0 
0 -0.00370863 -0.0136359 -0.0270638 -0.0413861 -0.0549405 -0.0668219 -0.0763024 -0.0825226 -0.0845464 -0.0812413 -0.0715582 -0.0553658 -0.034809 -0.015372 -0.0034165 0 
0 -0.00350524 -0.013111 -0.0266098 -0.0414972 -0.0559064 -0.0687774 -0.0794151 -0.0871463 -0.0911194 -0.0905561 -0.0841184 -0.0700386 -0.0484506 -0.024074 -0.00607559 0 
0 -0.00331072 -0.0124101 -0.025354 -0.0399535 -0.0543263 -0.0672514 -0.0780511 -0.0862407 -0.0912503 -0.0923229 -0.0889227 -0.079088 -0.0599419 -0.0332044 -0.00931385 0 
0 -0.00336809 -0.0120655 -0.0240185 -0.0374851 -0.0506807 -0.0625353 -0.072485 -0.0801518 -0.0852384 -0.0871646 -0.0852559 -0.0792372 -0.0656597 -0.0408233 -0.0127566 0 
0 -0.00376974 -0.0126714 -0.023362 -0.0344149 -0.0449878 -0.0544748 -0.0624678 -0.0687082 -0.0729307 -0.0749387 -0.0740425 -0.0698593 -0.061953 -0.0439295 -0.0154832 0 
0 -0.00465225 -0.0136195 -0.0216125 -0.0287076 -0.0352589 -0.0411339 -0.0461187 -0.0500173 -0.0526961 -0.0539542 -0.0536994 -0.0512069 -0.0466414 -0.0380134 -0.0159736 0 
0 -0.00263351 -0.00697377 -0.0099699 -0.0123591 -0.0144691 -0.0163689 -0.0179834 -0.0192513 -0.0201039 -0.0205188 -0.0203935 -0.0197258 -0.0179736 -0.0160607 -0.00773138 0 
0 0 0 0 0 0 0 0 0 0 0 0 0 0 0 0 0 
