The value we are printing are for16X16grid, for a reynolds number of100
0 0 0 0 0 0 0 0 0 0 0 0 0 0 0 0 0 
0 -0.00795513 -0.0214773 -0.0315445 -0.0384387 -0.0403476 -0.0354956 -0.0229975 -0.00391551 0.0150755 0.0216793 0.0160481 0.0095429 0.0053617 0.00235961 0.000614018 0 
0 -0.0105501 -0.033589 -0.0545595 -0.0687814 -0.0759875 -0.0747025 -0.0641932 -0.0462378 -0.0227604 0.00455052 0.0180517 0.012437 0.00578252 0.00271042 0.000603582 0 
0 -0.0115002 -0.0385844 -0.0684234 -0.0924888 -0.108809 -0.117061 -0.116855 -0.106636 -0.0847616 -0.0528924 -0.014637 0.00625473 0.00366644 0.000385321 0.00029735 0 
0 -0.011002 -0.0391997 -0.074005 -0.107694 -0.135946 -0.157052 -0.169257 -0.170132 -0.156918 -0.126307 -0.0804217 -0.0297333 -0.00306964 -0.00164785 -0.00114701 0 
0 -0.00952807 -0.0356452 -0.072122 -0.11147 -0.150035 -0.184269 -0.210068 -0.224735 -0.223626 -0.2019 -0.156727 -0.0933932 -0.0330995 -0.00521246 -0.00141889 0 
0 -0.0068272 -0.0284671 -0.062213 -0.10253 -0.145027 -0.188013 -0.227462 -0.256323 -0.270642 -0.263804 -0.22858 -0.164672 -0.085528 -0.0243236 -0.00185379 0 
0 -0.00339894 -0.0178714 -0.0455444 -0.081027 -0.121271 -0.164058 -0.20915 -0.251887 -0.282782 -0.295299 -0.279924 -0.227713 -0.144136 -0.0584889 -0.0101377 0 
0 5.71365e-05 -0.00581214 -0.0238729 -0.0511307 -0.0826656 -0.1184 -0.157167 -0.201171 -0.246468 -0.281123 -0.292793 -0.266519 -0.194606 -0.0967704 -0.023411 0 
0 0.00273311 0.00494371 -0.00147166 -0.0172317 -0.0379177 -0.0601959 -0.0873762 -0.118649 -0.159722 -0.209529 -0.251898 -0.264115 -0.222631 -0.129927 -0.036421 0 
0 0.00377517 0.0118543 0.0159996 0.0136772 0.00701025 -0.00238146 -0.0122322 -0.0293076 -0.050613 -0.088544 -0.150027 -0.205416 -0.213899 -0.148539 -0.0486698 0 
0 0.00244961 0.010573 0.0241848 0.0357191 0.0435518 0.0512135 0.0558798 0.0582875 0.0464232 0.0320064 -0.00370994 -0.0841641 -0.153823 -0.143634 -0.0549546 0 
0 -0.00428547 0.000455765 0.0185514 0.0432696 0.0731087 0.0997006 0.122238 0.136556 0.14596 0.133057 0.121046 0.0793898 -0.0291477 -0.100172 -0.0552146 0 
0 -0.00856751 -0.0198449 0.00245565 0.0549767 0.109063 0.158236 0.198311 0.229639 0.247885 0.258173 0.237782 0.220702 0.147761 0.000773817 -0.0320361 0 
0 -0.0196727 -0.0104963 0.0535281 0.127659 0.202263 0.268675 0.32486 0.368472 0.399624 0.413331 0.413198 0.376174 0.342212 0.188542 0.0163455 0 
0 0.0842723 0.223161 0.319037 0.395491 0.463011 0.523804 0.575469 0.61604 0.643325 0.656602 0.652592 0.631224 0.575156 0.513943 0.247404 0 
1 1 1 1 1 1 1 1 1 1 1 1 1 1 1 1 1 
