The value we are printing are for16X16grid, for a reynolds number of100
0 0 0 0 0 0 0 0 0 0 0 0 0 0 0 0 0 
0 0.00795513 0.00556705 0.00450018 0.002394 -0.000485165 -0.00436678 -0.00813137 -0.0109506 -0.00804044 0.00143669 0.00419449 0.00231068 0.00187052 0.00113157 0.000614018 0 
0 0.0264604 0.0236229 0.017482 0.0105283 0.000495453 -0.0114843 -0.0240213 -0.032098 -0.0293615 -0.0111568 0.00891801 0.00970704 0.00530988 0.0037664 0.00183162 0 
0 0.0485107 0.0516957 0.0402185 0.0260791 0.00847085 -0.0124926 -0.0337282 -0.0505656 -0.0562455 -0.0434529 -0.0105425 0.0138905 0.0103692 0.00506028 0.00273255 0 
0 0.071013 0.0844754 0.072083 0.0519695 0.0271524 -0.00181679 -0.0324049 -0.0612328 -0.0806664 -0.0815118 -0.0566248 -0.0116074 0.0117918 0.00549708 0.00188289 0 
0 0.091543 0.11826 0.10958 0.0875101 0.0584286 0.0222462 -0.018464 -0.0596314 -0.0965906 -0.117924 -0.11127 -0.0709844 -0.0157885 0.00376858 -0.000683018 0 
0 0.107898 0.149662 0.148401 0.128355 0.0986461 0.0592485 0.00978134 -0.044349 -0.0986635 -0.144415 -0.165176 -0.144321 -0.0818892 -0.0192221 -0.00395569 0 
0 0.118124 0.175548 0.183934 0.168622 0.14112 0.102547 0.0510228 -0.0139926 -0.083806 -0.153593 -0.206598 -0.219019 -0.169912 -0.0780516 -0.0159472 0 
0 0.121466 0.192548 0.212668 0.202628 0.178893 0.143297 0.0941322 0.029639 -0.0512457 -0.138982 -0.224914 -0.279187 -0.265233 -0.166214 -0.0494959 0 
0 0.118676 0.198997 0.230695 0.227619 0.206123 0.174079 0.129297 0.0697508 -0.00498861 -0.100777 -0.209081 -0.309077 -0.348739 -0.273247 -0.109328 0 
0 0.112168 0.195215 0.236747 0.23965 0.221445 0.190427 0.14998 0.0974163 0.029724 -0.0477513 -0.158255 -0.292298 -0.398519 -0.381531 -0.194419 0 
0 0.105943 0.185238 0.228968 0.238217 0.221712 0.19189 0.153702 0.108363 0.0519475 -0.017627 -0.0911795 -0.22353 -0.389144 -0.466455 -0.298043 0 
0 0.107779 0.170537 0.211961 0.218972 0.203286 0.176063 0.142326 0.103013 0.0597574 0.00188341 -0.0629631 -0.129636 -0.304842 -0.489922 -0.408213 0 
0 0.120632 0.16422 0.177881 0.175812 0.16252 0.141063 0.114712 0.0849809 0.0501389 0.0141175 -0.0427959 -0.0910669 -0.161934 -0.414818 -0.495463 0 
0 0.148872 0.138081 0.117695 0.109345 0.100297 0.0877015 0.0718133 0.0529407 0.0327811 0.00748066 -0.0156352 -0.0641236 -0.0819748 -0.194121 -0.511154 0 
0 0.0842723 0.0546161 0.04126 0.0351945 0.0323252 0.0284682 0.0231963 0.0173749 0.0099101 0.00336729 -0.00737808 -0.0139895 -0.0420785 -0.0191346 -0.247404 0 
0 0 0 0 0 0 0 0 0 0 0 0 0 0 0 0 0 
