The value we are printing are for16X16grid, for a reynolds number of100
0.127282 0.216355 0.41564 0.543017 0.607257 0.575693 0.437828 0.19275 -0.0659989 -0.218221 -0.279756 -0.219798 -0.122758 -0.067682 -0.0279294 -0.00982429 
0.296084 0.0758493 0.22335 0.354382 0.424564 0.471883 0.512809 0.580977 0.686439 0.661172 0.303662 -0.0479405 -0.0652183 -0.0244326 -0.0223417 -0.0194816 
0.60737 0.0503444 0.0099287 0.131827 0.231101 0.337893 0.489983 0.705165 0.955646 1.20353 1.14494 0.512745 0.00303964 -0.01929 -0.0130494 -0.0340635 
0.952204 0.134116 -0.141383 -0.107725 -0.000657938 0.137562 0.324546 0.56186 0.884314 1.26015 1.57598 1.36978 0.500816 -0.022675 -0.0197151 -0.0253686 
1.28866 0.281208 -0.212078 -0.322325 -0.288268 -0.190758 -0.0261522 0.203353 0.519347 0.960971 1.46751 1.80215 1.37828 0.374855 -0.0338344 -0.00742394 
1.57392 0.468813 -0.216218 -0.48773 -0.581906 -0.614751 -0.552313 -0.370523 -0.101361 0.334674 0.957197 1.63418 1.93068 1.23011 0.242887 0.0405889 
1.78076 0.681305 -0.161109 -0.588247 -0.819755 -1.00546 -1.14608 -1.13516 -0.93139 -0.575229 0.0725789 0.982556 1.86551 1.97841 0.958561 0.225494 
1.88908 0.90392 -0.0417982 -0.615356 -0.95791 -1.26746 -1.58664 -1.85765 -1.90182 -1.66411 -1.12195 -0.120149 1.2187 2.23704 1.84302 0.629731 
1.89973 1.10377 0.149288 -0.555325 -0.99103 -1.36474 -1.77553 -2.21082 -2.59913 -2.73491 -2.4538 -1.58055 -0.000695775 1.88554 2.61442 1.37467 
1.83841 1.24333 0.390781 -0.388423 -0.924303 -1.32643 -1.7455 -2.21277 -2.72706 -3.22686 -3.5333 -3.15686 -1.70651 0.818887 3.05514 2.52796 
1.75549 1.31959 0.626859 -0.144594 -0.746349 -1.20781 -1.60273 -2.02888 -2.46991 -2.91709 -3.60739 -4.2717 -3.62531 -1.00243 2.85522 3.98998 
1.76365 1.27124 0.807235 0.114748 -0.554385 -1.08072 -1.49416 -1.83423 -2.21981 -2.62428 -2.91364 -3.89867 -5.03239 -3.44421 1.65535 5.65213 
1.86154 1.04744 0.731849 0.0746387 -0.613109 -1.14536 -1.55757 -1.9056 -2.18484 -2.56749 -2.90889 -2.98394 -4.51435 -5.72655 -0.984478 7.04398 
2.24487 0.276433 -0.537165 -1.0734 -1.50577 -1.90152 -2.23382 -2.51189 -2.76459 -2.94575 -3.28482 -3.42118 -3.50913 -5.97799 -5.07063 7.66588 
1.03359 -3.02439 -4.26326 -4.38205 -4.32398 -4.25865 -4.21519 -4.18296 -4.15115 -4.15053 -4.13222 -4.39635 -4.27148 -5.18038 -8.8141 4.21999 
-14.6516 -13.7778 -11.7693 -10.3323 -9.15494 -8.13633 -7.24799 -6.5145 -5.9848 -5.65292 -5.61241 -5.78236 -6.57367 -7.10366 -11.7354 -12.0415 
